seed <- 1257
resultFormula <- as.formula('matchResult ~ . -matchId')

# POLR Result Model
polrModel <- trainModel(resultFormula = resultFormula, train = featuredData, 
                         meth = 'polr', tControl = cv5FoldContr, 
                         seed = seed)

Accuracy   Kappa      Accuracy SD  Kappa SD  
0.4909882  0.1357383  0.02244919   0.03663626

# RF Result Model
rfGrid <- expand.grid(.mtry = seq(from = 2, to = 40, by = 4))
rf500Model <- trainModel(resultFormula = resultFormula, train = featuredData, 
                       meth = 'rf', tControl = cv5FoldContr, 
                       seed = seed, tGrid = rfGrid, ntree = 500)

mtry  Accuracy   Kappa      Accuracy SD  Kappa SD  
   2    0.4880599  0.1433506  0.01387165   0.02532083
   6    0.4824974  0.1413875  0.01670000   0.03179185
  10    0.4805382  0.1410287  0.01855869   0.03356614
  14    0.4792310  0.1399011  0.01604106   0.02813680
  18    0.4828209  0.1447970  0.01871202   0.03447004
  22    0.4828263  0.1464869  0.01503632   0.02911705
  26    0.4785779  0.1389959  0.01700920   0.03126014
  30    0.4772702  0.1372890  0.01860056   0.03442586
  34    0.4798760  0.1411483  0.02206243   0.04057103
  38    0.4785667  0.1404597  0.02870436   0.04888094


rf1000Model <- trainModel(resultFormula = resultFormula, train = featuredData, 
                          meth = 'rf', tControl = cv5FoldContr, 
                          seed = seed, tGrid = rfGrid, ntree = 1000)

 mtry  Accuracy   Kappa      Accuracy SD  Kappa SD  
   2    0.4913241  0.1482413  0.02010575   0.03452777
   6    0.4877277  0.1483400  0.01830719   0.03404615
  10    0.4831563  0.1418780  0.01312735   0.02471202
  14    0.4811912  0.1399815  0.01649234   0.03021777
  18    0.4864200  0.1503944  0.01978333   0.03625453
  22    0.4890344  0.1554098  0.02015103   0.03629559
  26    0.4808575  0.1417614  0.02202406   0.03929381
  30    0.4821668  0.1451815  0.02009953   0.03755154
  34    0.4824952  0.1448327  0.01984274   0.03765766
  38    0.4847796  0.1498851  0.02277846   0.04193424

# GBM
gbmGrid <- expand.grid(.interaction.depth = (1:5) * 2,
                       .n.trees = (1:10)*25, .shrinkage = .1, .n.minobsinnode = c(10))
gbmModel <- trainModel(resultFormula = resultFormula, train = featuredData, 
                       meth = 'gbm', tControl = cv5FoldContr, 
                       seed = seed, tGrid = gbmGrid)

  interaction.depth  n.trees  Accuracy   Kappa      Accuracy SD  Kappa SD   
   2                  25      0.4921649  0.1445600  0.010938012  0.019818589
   2                  50      0.4869254  0.1483931  0.004810143  0.008581238
   2                  75      0.4754891  0.1320602  0.009516252  0.014678168
   2                 100      0.4718922  0.1332209  0.013690662  0.022639202
   2                 125      0.4692837  0.1308706  0.016641250  0.027929119
   2                 150      0.4634061  0.1220740  0.014551080  0.024871198
   2                 175      0.4637292  0.1247023  0.007609834  0.017547284
   2                 200      0.4604564  0.1240696  0.007329877  0.010221123
   2                 225      0.4614357  0.1254770  0.008535235  0.008976115
   2                 250      0.4588251  0.1252557  0.006979636  0.012922900
   4                  25      0.4901950  0.1518332  0.005267709  0.006513862
   4                  50      0.4761464  0.1381758  0.007370398  0.012496451
   4                  75      0.4745194  0.1409957  0.012897383  0.021303754
   4                 100      0.4689627  0.1380757  0.018403534  0.028276688
   4                 125      0.4601307  0.1270639  0.009552406  0.016375382
   4                 150      0.4548976  0.1224414  0.008862980  0.008883356
   4                 175      0.4516286  0.1180661  0.010063680  0.015085749
   4                 200      0.4562102  0.1266419  0.011204144  0.019438289
   4                 225      0.4548966  0.1246375  0.019121797  0.027667919
   4                 250      0.4490142  0.1178552  0.016084802  0.022305443
   6                  25      0.4879133  0.1523116  0.009512453  0.017457217
   6                  50      0.4647069  0.1235393  0.009045236  0.020340324
   6                  75      0.4601328  0.1224784  0.005320337  0.015099954
   6                 100      0.4653632  0.1360976  0.009907325  0.022873384
   6                 125      0.4601296  0.1298641  0.009485447  0.019701250
   6                 150      0.4529427  0.1197111  0.010172711  0.020846331
   6                 175      0.4549014  0.1240763  0.008079152  0.016039792
   6                 200      0.4529401  0.1233258  0.021896950  0.040617565
   6                 225      0.4526117  0.1219560  0.014493590  0.025100168
   6                 250      0.4470577  0.1143583  0.011166934  0.021732084
   8                  25      0.4813768  0.1466126  0.006754201  0.013363233
   8                  50      0.4578479  0.1194704  0.008275125  0.015479453
   8                  75      0.4532797  0.1173380  0.016830419  0.029808668
   8                 100      0.4555592  0.1214985  0.013383005  0.021682413
   8                 125      0.4519682  0.1173756  0.019587517  0.035230351
   8                 150      0.4434677  0.1061167  0.016681419  0.026906899
   8                 175      0.4467304  0.1132650  0.013377118  0.020390127
   8                 200      0.4470582  0.1145634  0.011605743  0.017076392
   8                 225      0.4460864  0.1148777  0.013142975  0.022632768
   8                 250      0.4438009  0.1124443  0.014563226  0.027116102
  10                  25      0.4830103  0.1538337  0.009372942  0.018037033
  10                  50      0.4705946  0.1439084  0.007606350  0.013955887
  10                  75      0.4614363  0.1345100  0.008168405  0.010450659
  10                 100      0.4578468  0.1324782  0.013443197  0.023489551
  10                 125      0.4467266  0.1154519  0.010137407  0.014224726
  10                 150      0.4437870  0.1105072  0.009549196  0.012139756
  10                 175      0.4464057  0.1180792  0.007541567  0.014034046
  10                 200      0.4414909  0.1108132  0.015106178  0.020455679
  10                 225      0.4493394  0.1244644  0.008084041  0.008090067
  10                 250      0.4490158  0.1245216  0.006222563  0.006399591

# knn
knnGrid <- expand.grid(.k = c(1, 2, 3, 5, 10, 20, 40, 80, 120, 300))
knnModel <- trainModel(resultFormula = resultFormula, train = featuredData, 
                        meth = 'knn', tControl = cv5FoldContr, 
                        seed = seed, tGrid = knnGrid)

k    Accuracy   Kappa       Accuracy SD  Kappa SD   
    1  0.4148432  0.09457572  0.007452672  0.011644112
    2  0.4020955  0.07042811  0.007059951  0.009468066
    3  0.4253088  0.09978999  0.007515422  0.011107178
    5  0.4302070  0.10091447  0.011322915  0.018237020
   10  0.4481830  0.11688986  0.013628748  0.021129568
   20  0.4589700  0.12497395  0.005314774  0.011358817
   40  0.4779179  0.13719599  0.016643478  0.030245669
   80  0.4877283  0.14252824  0.016699164  0.029725839
  120  0.4903496  0.14175512  0.012587673  0.019396387
  300  0.4981954  0.14388169  0.013227155  0.021440227